11
93 79 -82 -51 -96 -95 64 38 -47 48 49
18
37 -88 -22 86 16 -67 38 -18 -1 97 78 -39 -24 25 36 48 -12 -190
16
-6 -42 -42 -35 -7 -8 -37 -85 -44 -57 -85 -71 -28 93 -40 494
15
-75 75 17 -75 25 17 98 -19 21 -18 100 54 77 99 -396
18
-36 99 18 -29 -73 24 14 13 54 -70 -55 -60 1 98 -29 -95 73 53
18
-50 82 -97 84 -40 -37 81 -83 -8 25 82 -53 -60 12 -72 98 98 -62
12
-20 46 -34 -11 -73 83 75 37 55 74 27 -259
20
-71 -6 -83 -53 -56 20 -60 58 37 45 16 20 -86 48 18 -67 -14 -44 -85 363
12
9 -29 95 74 -82 50 -29 -89 -25 81 21 -76
2
-29 29
17
-2 -57 -23 -83 94 30 -27 -14 -30 -32 -34 5 86 -77 -63 -80 307
14
38 -2 92 -28 -5 -69 -93 78 -8 37 48 -75 -44 31
19
28 50 40 32 67 59 2 13 54 -93 94 -92 -56 17 -4 3 52 37 -303
16
90 -80 22 57 -23 8 -82 62 65 22 18 -34 -65 -98 -19 57
9
87 -67 -35 -89 -85 77 -45 85 72
11
52 18 97 -27 54 -93 35 72 -39 -47 -122
14
67 16 8 38 -39 47 95 -23 -51 -15 34 35 -36 -176
14
40 -31 64 43 57 -71 -10 -35 23 -10 12 -80 90 -92
8
41 74 89 -34 -69 96 -9 -188
3
25 87 -112
0